340.14,11.509,0.84212,1.089
586.87,10.906,1.3747,1.3244
311.1,12.578,0.95956,1.1536
98.473,11.054,0.63695,1.0468
193.71,9.809,0.41385,0.71411
319.88,9.565,0.32005,0.5994
618.08,12.971,2.0101,1.586
654.8,22.308,3.6332,2.7959
743.75,16.902,1.9396,2.0621
834.2,17.081,1.6374,1.9034
390.07,13.904,1.0623,1.1285
442.05,16.978,0.51457,0.88227
513.32,25.278,1.8154,3.6557
418.3,20.884,0.69611,3.6008
530.73,22.468,1.3197,3.5919
538.46,36.031,1.5556,4.8038
770.3,26.115,1.1201,3.9377
477.98,22.017,0.43135,4.0278
330.78,20.345,2.1799,3.4871
344.09,30.673,3.8844,5.9385
378.46,22.782,0.83079,4.1791
236.82,24.598,0.71489,4.1569
225.05,25.174,0.68584,4.3316
336.85,26.773,0.33795,4.3512
447.34,27.829,0.3238,4.4217
99.292,29.985,0.37606,5.6737
644.17,29.526,0.50086,5.8411
250.74,29.645,0.30848,5.126
191.29,30.029,0.29251,5.2366
59.74,30.491,0.3034,5.4591
345.23,24.254,0.37711,3.6806
148.88,24.642,0.26223,3.8043
164.95,23.369,0.33465,3.2636
247.09,21.74,0.41467,2.8909
457.71,22.082,0.32521,3.0209
283.54,22.461,0.35776,3.0804
334.39,23.105,0.37934,3.4634
334.34,23.247,0.22855,3.3908
352.83,24.976,1.4193,4.0084
223.01,24.59,0.25794,3.8011
233.09,23.987,0.26195,3.5484
244.02,24.638,0.35005,3.9556
350.07,25.439,0.63831,4.1362
589.52,26.439,1.1662,4.3913
336.64,29.318,3.7598,5.9192
306.69,27.502,0.90944,4.6875
118.23,26.3,1.2654,4.5474
99.543,25.63,0.56334,4.3098
225.67,24.976,0.2924,4.0341
194.01,25.144,0.38566,4.1211
307.45,23.858,0.29987,3.7534
286.43,25.654,0.67185,4.6675
383.24,26.429,0.58352,4.7445
373.14,31.525,5.2107,6.3022
253.04,23.73,0.33895,3.4862
70.823,25.741,0.35073,3.8747
92.213,25.501,0.28599,3.6375
211.98,23.991,0.43966,3.2944
315.9,25.199,0.27306,3.5934
496.38,24.09,0.28274,3.2804
417.58,21.832,0.2776,3.0947
160.65,23.267,0.26928,3.3316
178.11,23.12,0.26695,3.2448
256.14,23.18,0.39414,3.4744
380.37,22.142,0.30159,3.1527
275.96,23.95,0.36328,3.727
100.01,22.114,0.40235,3.2018
402.59,23.233,0.45612,3.5443
298.04,27.389,3.4178,5.0902
282.38,60.217,41.454,88.03
124.19,54.863,38.808,117.44
215.5,24.393,1.0164,16.7
235.25,29.061,12.156,260.18
236.38,32.594,9.7577,224.43
508.54,39.278,19.275,439.93
454.45,24.652,1.0567,4.7095
628.19,24.58,1.1589,4.6388
349.85,26.577,3.6456,59.532
576.88,87.205,63.971,1374
377.8,23.152,0.47607,3.7686
218.5,116.61,99.84,2246.6
317.86,113.38,107.96,2542.4
346.72,44.546,28.895,636.71
468.68,28.74,3.8617,16.234
639.52,22.837,0.64254,8.5585
424.59,27.398,2.6883,5.2773
248.51,25.106,1.3498,10.802
353.23,20.028,0.74491,12.284
132.85,34.216,3.3668,51.52
625.26,23.569,0.87414,7.8231
186.58,82.288,16.35,186.04
346.02,22.957,0.7035,3.3401
192.32,137.24,35.052,357.18
483.89,25.693,2.0446,4.6244
205.61,160.24,42.322,476.84
565.05,26.36,1.5569,4.5109
348.83,25.592,1.2655,4.1461
398.43,24.665,1.7879,5.7298
356.19,21.421,0.45105,9.8147
128.32,23.62,0.94273,12.798
597.26,24.102,1.4052,23.724
542.66,33.489,5.2309,82.156
633.64,22.476,0.3313,3.5767
308.45,61.09,15.382,251.85
329.85,76.918,23.761,361.28
415.35,48.445,12.72,176.19
220.99,131.29,53.366,803.26
452.71,21.688,0.24126,3.5001
286.82,23.775,1.6993,11.457
539.72,21.005,0.4711,4.4553
446.21,22.018,0.9195,14.208
502.85,23.064,0.70216,4.0673
235.12,23.037,1.217,3.9788
381.69,20.622,0.57855,3.2715
577.72,21.033,0.68291,3.6856
473.63,22.129,0.57444,3.8192
861.57,19.588,0.30467,3.0841
642.06,19.614,0.30525,2.9921
570.76,21.607,0.51435,3.5551
542.07,21.795,0.56107,9.0932
528.23,22.235,1.0064,6.5276
434.1,21.982,0.44837,7.6422
706.94,22.205,1.6121,30.919
743.9,24.402,2.7745,60.031
530.02,23.087,1.2974,19.617
623.23,31.735,6.3312,138.5
350.66,31.108,4.8255,102.29
310.11,38.236,12.158,215.43
527.78,66.392,31.864,506.3
434.29,26.787,4.0727,57.391
426.01,21.76,0.3612,3.8557
307.44,25.599,0.8316,15.544
307.17,21.909,0.36712,3.9569
215.34,49.663,16.334,76.829
549.29,24.659,1.1124,4.4356
613.47,21.301,0.41538,3.8612
503.24,21.58,0.29764,4.0154
525.01,21.543,0.32067,4.2005
623.1,22.67,0.47518,4.3379
586.66,51.179,36.553,74.753
251.62,19.787,0.42563,6.2326
194.98,19.391,1.8006,52.479
362.15,20.298,12.965,197.56
271.45,22.151,5.1723,64.012
187.42,22.696,0.65208,4.1268
440.08,23.638,1.1689,4.5531
495.25,24.793,1.5732,5.0777
317.11,25.165,16.342,262.47
146.49,21.12,0.5928,4.2754
309.61,28.366,4.8086,6.2203
247.15,18.78,0.84036,3.8682
141.86,19.208,0.29134,3.792
233.81,18.573,0.62788,3.8525
175.93,20.146,0.40072,4.1905
208.55,20.302,3.7957,16.259
296.24,23.043,2.4144,5.2694
317.65,25.151,2.9919,9.1766
292.21,21.185,1.3573,4.2322
253.04,18.703,1.132,7.0462
248.44,18.234,0.5547,8.9506
214.64,22.274,1.4437,4.3245
297.43,21.787,2.931,13.737
375.61,19.331,0.75424,7.3002
304.92,22.961,3.2032,5.6342
230.57,34.068,12.22,10.37
331.41,18.13,0.38481,3.8285
278.1,18.576,0.26325,3.3673
343.73,56.086,40.476,169.33
329.59,19.706,4.0452,25.732
389.81,29.732,13.477,299.19
391.65,20.866,10.44,193.72
476.97,17.4,1.3257,4.1473
466.83,56.613,84.104,1323.1
449.45,15.981,0.32063,3.342
358.71,31.928,35.735,659.04
439.07,75.841,118.79,1886.2
379.59,15.965,0.47652,3.3611
737.12,135.42,224.33,4034.8
503.47,16.07,1.3428,3.3374
456.2,147.63,258.97,5302.1
591.27,15.185,0.49417,2.9755
611.18,14.318,0.33283,2.7922
666.37,17.391,4.1044,15.958
436.63,15.681,0.64106,3.3195
304,16.101,1.3535,3.2868
382.44,13.737,0.4128,2.5406
449.62,15.365,0.66243,2.8723
503.28,19.221,2.1285,4.6958
459.91,48.575,36.948,70.708
553.72,19.96,14.588,535.74
370.94,17.122,2.3297,38.195
403.79,47.071,107.33,2045.2
298.33,20.216,1.6829,4.2581
256.9,14.9,0.73183,3.2226
349.04,15.757,0.99712,3.7933
506.28,16.002,0.53688,3.5553
455.59,14.89,0.31644,3.3627
541.32,107.41,282.55,4734.3
554.71,18.771,2.5243,4.6789
761.95,19.911,2.9805,5.8172
380.39,169.07,367.14,6066
503.88,15.908,0.27734,3.5937
216.81,215.12,368.73,6562.4
640.25,16.932,0.57612,3.8387
483.23,229.44,352.39,6271.9
433.42,49.113,54.675,923.1
605.64,16.485,0.28557,3.6336
649.3,15.446,0.26957,3.5549
617.49,16.517,0.54446,3.8393
389.96,16.019,0.35921,3.7932
305.43,21.186,4.815,17.824
400.83,20.494,1.8839,5.1791
647.78,20.079,1.955,5.1105
536.82,16.484,0.35155,3.628
590.89,21,1.5077,4.7787
407.63,21.478,1.0554,3.975
225.41,22.555,0.88076,4.4968
329.18,19.717,0.74523,3.9563
147.96,21.882,0.91214,4.1516
125.22,20.413,0.72773,4.5856
152.2,19.534,0.80767,4.457
121.05,19.06,0.63953,4.1146
185.11,17.782,0.65071,4.4919
82.88,20.23,2.0373,8.3089
348.93,19.049,0.6135,3.98
229.95,18.072,0.53974,3.6455
107.5,18.79,0.77333,4.0503
499.44,18.618,0.52357,3.9861
395.77,19.946,1.0409,4.7539
467.53,24.637,2.5731,5.9987
187.12,23.892,4.1621,6.3007
238.86,23.921,1.8146,5.4491
126.91,19.622,0.86498,4.1447
281.52,21.567,1.3852,4.9374
148.44,19.516,0.81771,4.3533
295.48,18.954,1.3599,5.8046
151.75,17.855,1.7725,6.0459
129.7,17.265,0.53476,3.2049
232.31,19.314,0.59748,4.0511
692.04,19.1,0.69243,3.8025
148.25,23.422,3.4819,6.3946
157.2,18.137,0.86702,3.7454
315.64,19.928,1.4802,4.3665
311.18,20.19,1.6455,4.6256
207.76,20.067,1.5243,4.7492
296.92,21.605,2.0189,7.4978
232.47,18.171,1.0298,4.6883
271.31,16.582,0.63532,3.3767
154.95,17.403,1.7899,5.34
132.94,27.248,7.2707,10.569
143.72,21.345,3.1654,5.2133
358.18,19.774,1.0693,4.0233
211.68,20.171,1.6898,4.3417
