Window Start Time (s),R-R Interval Variance
0,0.00037800489798100036
10,0.001433505109075964
20,0.0011122635835726586
30,0.0017768217592823263
40,0.0028683899422369064
50,0.00020819902420043945
60,0.001080289178965043
70,0.0004161095478125577
80,0.0018343361171744984
90,0.0003630899720721774
100,0.10958526154194982
110,0.13656872510910034
120,0.046512557400597475
130,0.05796870920393202
140,0.2281476715464651
150,0.035397920343610965
160,0.00787248837171927
170,0.0003121251890645225
180,0.002860893159223026
190,0.022634102238549128
200,0.050323610504468284
210,0.007874449094136557
220,0.004882424461598299
230,0.01011490159564548
240,0.0006704471520418247
250,0.00020805994669596353
260,0.0005619972944259644
270,0.0008071442039645448
280,7.374046822271404e-05
290,0.00011946230518574618
300,0.0003508787888746995
310,8.327133801518654e-05
320,0.00012469714915258642
330,0.0003351629133055196
340,0.0009506863249829534
350,0.00018319659762912327
360,0.0001866391726902553
370,9.607417242867606e-05
380,0.0005601141187879775
390,0.0007850393957021285
400,6.432557592586595e-05
410,0.007159216164131843
420,0.030432424601718522
430,0.0003835765682921118
440,0.0001433734991112534
450,0.00033294911287268806
460,0.000742495059967041
470,0.0026642205763836293
480,0.0005717785400751779
490,9.162045089450817e-05
500,0.00013625378511389908
510,0.0006889676561160964
520,0.0005552038854482222
530,0.005096305389793552
540,0.02967232317963907
550,0.0014561199479632908
560,0.0002895824763239646
570,0.0003148282068015556
580,0.0008195954926159917
590,0.0005972766311916375
600,0.0014163389713806515
610,0.00017314176170193417
620,0.0005230734334189511
630,0.00024682161759357067
640,0.0005882280112723627
650,0.0005314848860915826
660,0.00039377720398310384
670,0.00045601714997601936
680,0.00039796075042413195
690,0.0003861310530681999
700,0.0005297801903719027
710,0.01278819981411364
720,0.0003456138294829419
730,0.0010070703467544243
740,0.0004404338859242095
750,0.0007453852770279865
760,0.00044707192314995665
770,0.000390313466389974
780,0.00039123637335641045
790,0.00018343819512261288
800,0.0005597532148191915
810,0.018683853939440123
820,0.0004532379511545395
830,0.000648046026424486
840,0.001243365586862056
850,0.0008287796607384315
860,0.0007677662129304847
870,0.0010383143227481277
880,0.0017131616671880086
890,0.0013452507335053392
900,0.0009020749065611097
910,0.0008408957057529025
920,0.0008277215901211167
930,0.0005467120144102308
940,0.0003802435738699777
950,0.0021809374792336007
960,0.0011748731489012226
970,0.03335748762774045
980,0.022250794182138992
990,0.0019225239753723144
1000,0.009556979187263932
1010,0.0029449659930773013
1020,0.0013065867953830294
1030,0.009062566047857615
1040,0.0010269814067416722
1050,0.017994310728897005
1060,0.014573199689880873
1070,0.0016862739472699587
1080,0.0003390263537971341
1090,0.0005906347692365477
1100,0.0022811111138791454
1110,0.06159684889846378
1120,0.07910474272798901
1130,0.06820508241653442
1140,0.020206116447763992
1150,0.023636600971221923
1160,0.03613374642366488
1170,0.0010167906019422743
1180,0.0005798923725984534
1190,0.00014161090461575253
1200,0.0013816356658935547
1210,0.0002670118543836805
1220,0.00018172361412826854
1230,0.00015309392189492987
1240,0.0007495357065784687
1250,0.0005451769244914153
1260,0.00034010775235234473
1270,0.00034906737197785693
1280,0.0005494684589152434
1290,0.0008677759114101794
1300,0.0018163469372963423
1310,0.0007868377414680795
1320,0.0005894449292397013
1330,0.0004781800873425541
1340,0.010076202908340765
1350,0.031194167666965058
1360,0.00024761199951171874
1370,0.00011870275319241323
1380,0.0002981415018439293
1390,0.0013077210406867827
1400,0.0004656300742245284
1410,0.0007047263943419166
1420,0.0014063705354047243
1430,0.002157130771213108
1440,0.06688297287491729
1450,0.0284061336517334
1460,0.020213812835945574
1470,0.008388184318857744
1480,0.0627687233538667
1490,0.029527971744537352
1500,0.04887355149850337
1510,0.00028649624437093735
1520,0.00017251074314117432
1530,0.0006337759229871963
1540,0.039508629818351904
1550,0.051617865761121116
1560,0.021890400429449137
1570,0.002519102729096705
1580,0.0011978295384621133
1590,0.0005880764552525111
1600,0.002953613290981371
1610,0.0013232973157143106
1620,0.0005919731987847223
1630,0.0013981013827853732
1640,0.044969576928350664
1650,0.016864906657825817
1660,0.0028667781088087293
1670,0.0002982947561475966
1680,0.0014050934049818253
1690,0.0006207409832212661
1700,0.0011170234905897513
1710,0.0012885183977657522
1720,0.0003522237141927083
1730,0.00045577022764417855
1740,0.0008669943499141896
1750,0.0003243762360522027
1760,0.0007106199772400263
1770,0.001781156077187442
1780,0.0006646235313641248
1790,0.0015528018657977765
1800,0.0012590842839528824
1810,0.0005193349172377728
1820,0.00027757565650714217
1830,0.00018455179370179467
1840,0.00018903116385142008
1850,0.00023039506406200176
1860,0.0009538887520513591
1870,0.0016593203252675583
1880,0.0012467238638136124
1890,0.0008324165733493104
1900,0.0005721989468004576
1910,0.0011112154746542172
1920,0.0016249199302829046
1930,0.0002606985304090711
1940,9.646300213559689e-05
1950,0.0003778058655407964
1960,0.0013873884412977427
1970,0.00029429881530400564
1980,0.0016606161329481338
1990,0.0004552347319466727
2000,0.0010408782958984373
2010,0.02729195250561956
2020,0.0006715096367730034
2030,0.00042123370700412335
2040,0.0007325386514469068
2050,9.36656528049045e-05
2060,7.07456800672743e-05
2070,0.0002165412902832031
2080,0.00032716963026258684
2090,0.00034106507593271686
2100,0.05351121558083428
2110,0.0004918477973159479
2120,0.0003341088692347209
2130,0.00022464391042494914
2140,0.0002796114707479671
2150,0.01792456044091119
2160,0.0031899627374143017
2170,0.0141798391850037
2180,0.0012999088806513496
2190,0.0015161446565707054
2200,0.0008646034532123143
2210,0.0005312530246712047
2220,0.0013378893835304757
2230,0.0006588186536516462
2240,0.0009056012305987657
2250,0.001479986856675007
2260,0.00044732799335401885
2270,0.00047878682966063016
2280,0.0002931278838208441
2290,0.0003633681270811293
2300,0.002921256483817587
2310,0.0006508097356679488
2320,0.0005302485629651674
2330,0.0006806230058475415
2340,0.0017062700711763822
2350,0.0013951112826665242
2360,0.00672334750023114
2370,0.0012261119819957124
2380,0.0004606077656943418
2390,0.00016805265076767054
2400,0.0007647662692599826
2410,0.001608095225497816
2420,0.0007015247734225526
2430,0.0008761943603048519
2440,0.00010342287594044703
2450,0.0013814028903577453
2460,0.001706140281180658
2470,0.0012328667048166488
2480,0.0025839862033460266
2490,7.503373282296317e-05
2500,0.0005811866448850048
2510,0.0005051651779486207
2520,0.0003085192844007142
