"Delta_Log","Theta_Log","Alpha_Log","Beta_Log","HRV_Variance"
0.0828817545606387,-1.53621177958245,-0.376560924242146,-1.17399777404049,-0.336256254327158
1.14204838249726,-1.64265924585643,-0.0814572392143571,-1.07174851696421,-0.288739713126885
-0.0906641287330322,-1.36107385430262,-0.297946106780215,-1.1439040091935,-0.303201374073387
-2.32529101774122,-1.61627483113895,-0.544721146968542,-1.19466347470465,-0.27328427353266
-1.0107256801121,-1.8522788717498,-0.804376338127024,-1.39449969320784,-0.2241440232579
-0.0365428610048505,-1.90199984638119,-0.959148913354567,-1.48600100524262,-0.343900580413244
1.24268710347942,-1.30011675823119,0.147346045486385,-0.977552097250827,-0.304640798810513
1.35495518777507,-0.228818539961033,0.503813825807983,-0.681318855487748,-0.334540858020638
1.60230279978898,-0.777432404603841,0.125853706156275,-0.840390367178973,-0.270695090387395
1.82549711876718,-0.756506834310667,0.0238552235031836,-0.882248758312305,-0.336927694923755
0.348567977953526,-1.16319074392151,-0.2367040325097,-1.15539671836583,4.58003940828456
0.591890041128155,-0.768334330563331,-0.673189872061105,-1.28400749742347,5.79478180704209
0.882176840761124,0.0177392665368136,0.0860166152560124,-0.541209351392421,1.74063045938805
0.484542072080525,-0.359375902442364,-0.491226021074629,-0.549114198467615,2.25636385615831
0.947032905394068,-0.21471652519824,-0.106055568228303,-0.550401593653377,9.91748565468454
0.975211747269072,0.718290967656156,-0.00698281692918119,-0.398500993464154,1.24027138404831
1.67073713005685,0.0823355922244417,-0.204760869855006,-0.502370924666812,0.00113063485709219
0.743519047407935,-0.254748050976488,-0.779431358478721,-0.490567796842208,-0.339222029103976
0.028313203628093,-0.411234924473277,0.19619605287992,-0.565886431074647,-0.224481513667853
0.105245914778896,0.400313279940299,0.544080763494848,-0.287700785373654,0.665669425198115
0.289973878181694,-0.187422303076707,-0.384722466777439,-0.4712929642479,1.9121965660766
-0.62069472590571,-0.0359393703022003,-0.475196895741979,-0.47408432577217,0.00121890271961268
-0.719544314070403,0.0100059036023795,-0.500183473466404,-0.452559559535455,-0.133476154874691
0.0636485767729385,0.1314651920432,-0.926383495395179,-0.450201340316676,0.102079662837097
0.614701484550777,0.207889013983492,-0.952132704515189,-0.441803192282452,-0.323091079874595
-2.30918882238407,0.355277813439769,-0.862031271633216,-0.311523612175607,-0.343906841408649
1.32319808026514,0.324799265404058,-0.689468585850492,-0.296339568022039,-0.327973278924297
-0.509768491223157,0.332987532040518,-0.981320687928016,-0.364571512867432,-0.316937247756548
-1.03532625635218,0.358007235651923,-1.01332347449182,-0.353418098501063,-0.349953639851495
-3.29589557121355,0.388485783687635,-0.991318092222861,-0.331676761111603,-0.347895332778726
0.111507879640007,-0.0636884961257586,-0.86035348256293,-0.537659990833544,-0.337477418347216
-1.52241766590581,-0.0323001406859963,-1.07913163091808,-0.520394457267482,-0.349524578859931
-1.32292935675896,-0.137382895853897,-0.932276556179241,-0.600501720321727,-0.347659670410862
-0.537947333098161,-0.279767754587894,-0.803183859944837,-0.663848782499649,-0.338184916120434
0.659429804987291,-0.249289206552182,-0.949525891744827,-0.640880208577968,-0.310475264105905
-0.270919260092179,-0.215626332602292,-0.892078948619248,-0.630677300937535,-0.345026140427154
0.0493355142332544,-0.159673177253149,-0.856803780067119,-0.569435791633523,-0.344871162476409
0.0493355142332544,-0.14739077729846,-1.16192566842781,-0.580504983884936,-0.348948220463699
0.153999784054694,-0.00591572596851467,-0.0622111959948777,-0.493082428560192,-0.328058055783505
-0.737435642245008,-0.0363942740042264,-1.08907357111143,-0.520827599572972,-0.317932362699666
-0.651557267006903,-0.0855238738229848,-1.07978333411067,-0.556778410928647,-0.350377479764568
-0.562547909338243,-0.0327550443880216,-0.905196208623303,-0.500000673717325,-0.0309794754797671
0.13879215510628,0.0304765701935291,-0.543431606608735,-0.47668317960511,1.01673454291907
1.15099404658457,0.106900392133821,-0.180475913014519,-0.445412711494869,-0.336005428700493
0.0627540103642072,0.310697250641266,0.524432605539515,-0.28939725940349,-0.346818897909869
-0.118395687403669,0.18468892518019,-0.330247012889565,-0.411302754937527,-0.338284577056898
-1.9701481534753,0.0964376069872331,-0.131333332485587,-0.427160576010746,-0.319847624923724
-2.30426870713606,0.0454883923603719,-0.618668660289496,-0.455206540291228,-0.233335326094625
-0.714176915618022,-0.00591572596851467,-1.01355919692318,-0.48974963915406,-0.327532946504658
-1.00804198088591,0.00727648139022614,-0.846847973848396,-0.478596224787691,-0.349148718237692
-0.113475572155653,-0.0964415626715984,-0.998375899138362,-0.527433019731695,-0.347139413415155
-0.251238799100113,0.0473080071684747,-0.512593566176371,-0.413540656849225,-0.322257323248453
0.314574454421776,0.10599058472977,-0.597481373517619,-0.404986096315797,-0.328279104820103
0.262689602715421,0.454446820481339,0.720955783168969,-0.25663485668545,-0.123847656623611
-0.491877163048552,-0.106904347818186,-0.924608644147273,-0.566018780112435,0.982516273553539
-2.96535328318772,0.053676658996832,-0.90401759646649,-0.510817199623868,-0.287721637609295
-2.45276673098528,0.0354805109158106,-1.0269121793586,-0.54382023695607,-0.340236857644457
-0.835837947205336,-0.0855238738229848,-0.767936423443456,-0.595580742462132,-0.339100344567757
-0.0611434372449325,0.0118255184104815,-1.0547690243355,-0.55019705423134,-0.316376715258322
0.816873492923815,-0.0773356071865255,-1.03380359396961,-0.597806612643123,-0.326385072648899
0.480963806445604,-0.271579487951434,-1.04482708414215,-0.628258923065215,-0.289512498845424
-1.37436692526095,-0.146026066192383,-1.06315796968693,-0.589721289607308,-0.345478789342402
-1.17398404970537,-0.158308466147072,-1.06841319330377,-0.60352168472945,-0.329725554504891
-0.4681711532172,-0.153304525424792,-0.833758445895091,-0.56778744452652,-0.342161867307424
0.299814108677726,-0.243830362127875,-0.99492325882017,-0.618561348114521,-0.326792423700733
-0.323698678207263,-0.0887081997371643,-0.882844175719988,-0.531114729328361,-0.329346887467905
-2.29532304304875,-0.246104880638003,-0.821334487159749,-0.610476025078707,-0.335546216166962
0.410293060155913,-0.148755488404536,-0.745806246946129,-0.557367965733342,-0.332744296350189
-0.173858804744946,0.176500658543729,0.46699952843931,-0.368229159002681,-0.335357881143682
-0.278970357770751,1.73272622317312,1.96988255465437,1.1211306584249,-0.335890430825711
-1.87442954774117,1.5489451275548,1.93008706183023,1.27176792688977,-0.329423629512621
-0.804080839695413,-0.0523159035751206,-0.26330017845957,0.252560018610242,0.222426284849312
-0.633665938832298,0.293410909964295,1.23110072271354,1.68746422285315,-0.337714436452211
-0.62427299154063,0.519952953573017,1.09874951051619,1.61022051170743,-0.307936966467137
0.863838229382154,0.88842495221371,1.50869855070632,1.96190800030394,-0.33344582421401
0.645564025651971,-0.0313903332819449,-0.239894604948318,-0.408848281873083,-0.319717513042541
1.27444421098934,-0.037304081408277,-0.184297389607666,-0.416753128948276,-0.333146992848549
0.137450305493184,0.116908273578383,0.505865997563375,0.916831871002085,-0.335702146813229
1.10894942537425,2.4642113760302,2.23111847270552,2.55699740112445,-0.335660599358824
0.286842895751137,-0.155579043934919,-0.720029305775371,-0.525303403396369,-0.345015264183708
-0.77679656422914,3.03875475168847,2.49914874319005,2.81387485174148,-0.328074302969552
-0.0490667907270752,2.98280159633933,2.54629322946255,2.87848524564374,0.487837024898354
0.120006260522944,1.13725727722168,1.7524632767859,2.15501727816826,-0.332869410408828
0.705499975036898,0.271575532267069,0.540544927024411,0.237760989839332,-0.324099534441577
1.30933230092982,-0.182873266056452,-0.539452057326322,-0.0967211238446608,-0.297299420028037
0.513615480364259,0.176955562245756,0.322432347887226,-0.349375436983156,-0.31596326209328
-0.527212536193398,0.00454705917807276,-0.092452997336149,0.0249196736137984,-0.318709967376768
0.156236200076521,-0.442168376211014,-0.450432174423542,0.092056730964758,-0.30653042418798
-1.74337556886218,0.615937634700408,0.45795887989529,0.841272602155485,-0.276150125530619
1.26549854690204,-0.120551458878952,-0.35409103012315,-0.1436689370675,-0.29271275134026
-1.08363284242362,2.34957564311976,1.40955646928033,1.51216190643676,-0.3126636544463
0.115980711683657,-0.172410480909865,-0.484861515427841,-0.588397799229422,-0.315417821603488
-1.02503874265179,3.36037166902053,1.86879922967598,1.85302083739602,-0.316010894349107
0.767225057239287,0.0500374293806281,0.157620770288716,-0.418389444324572,-0.328661392133551
-0.895326613385899,3.66652186048372,1.98236197749121,2.00401905778214,-0.336155473546638
1.06869393698138,0.100531740305463,-0.00648364001570765,-0.431371681758566,-0.255091779533229
0.131635623836437,0.0423040664461932,-0.131305600434839,-0.475431879611472,-0.300382814721911
0.390165315959483,-0.0304805258778943,0.0767957083821263,-0.306386063163267,1.14841512083689
0.172338395433664,-0.309336495219554,-0.752531269252648,-0.0251563895931362,0.648413651240557
-1.81091533272132,-0.116002421858697,-0.308602147280338,0.11359352893218,-0.266725046655169
1.17648918923338,-0.0759708960804488,-0.0682151849819343,0.436043911908116,0.0769630945733015
0.98997209301312,0.573631590412032,0.723285275431846,1.08503546630073,-0.220696720229
1.29099368955085,-0.214261621496215,-0.938349875293169,-0.552627463834367,-0.294453325704379
-0.107213607294542,1.76138515640073,1.37281150203853,1.67037916524771,0.0547055885476178
0.0229458051757113,2.21628885842628,1.63474072135839,1.85891638544297,-0.307040609751828
0.470676292745206,1.30284222475898,1.25841679270084,1.48376702196574,0.456795147285511
-0.754879687215249,3.2725752545296,2.12199285301005,2.27653775831964,0.302783464552182
0.637960211177764,-0.284771695310174,-1.12934050879829,-0.563937290699941,-0.277360557738815
-0.248555099873922,-0.103265118201982,0.0462072564064984,0.0557209042264249,-0.338010991636701
0.979684579312722,-0.348003309891725,-0.726352213346036,-0.437844752879501,-0.326684076196145
0.609781369302761,-0.254748050976488,-0.323627372375891,0.16809726903968,-0.250582159745585
0.841921352368263,-0.163312406869354,-0.486026261559279,-0.485466343021992,2.41969556131896
-0.634560505241028,-0.165586925379481,-0.15481821966198,-0.496956645848186,3.20786646809464
0.306523356743203,-0.384395606053769,-0.602625668931472,-0.599226356866673,2.71718522254478
1.11163312460044,-0.345273887679573,-0.502748688160643,-0.536950118721769,0.556366285654603
0.72562771923333,-0.244740169531927,-0.606910270772119,-0.518349063047112,0.710799944200903
1.8881167673783,-0.485839131605466,-0.988808341630119,-0.630051650940716,1.27339682531454
1.31693611540403,-0.483109709393313,-0.987657461524055,-0.64588540855252,-0.307499379717978
1.08837439797345,-0.292050154542583,-0.673453326543216,-0.555791809010587,-0.327167677740776
0.988182960195661,-0.274763813865612,-0.621095214729992,-0.0650536086210541,-0.346898246443469
0.937639958102401,-0.235642095491415,-0.269268254440907,-0.238274435624955,-0.291074773326878
0.556554667983311,-0.257932376890668,-0.756122569824582,-0.155893175466887,-0.341252942602155
1.50390049482865,-0.237916614001543,0.0144679243248063,0.574408815050774,-0.345092451244026
1.60275008299335,-0.0518609998730945,0.341442668675343,0.921163294056985,-0.346381303615874
0.944349206167877,-0.161037888359226,-0.116302560979884,0.336661816259563,-0.319530668876466
1.25878929883656,0.467184124138054,0.838262357835249,1.35803543606655,-0.328730498859071
0.141923137536836,0.428062405763857,0.674712588545796,1.19957754264143,-0.337962309203043
-0.0969260935941437,0.835656122778746,1.23123938296729,1.58880403104708,-0.337558964769192
0.936298108489306,1.92560539283196,1.81139388462652,2.03530155762309,-0.328537302429436
0.557449234392041,0.132374999447252,0.572575445638962,0.897581101869193,-0.314207727672516
0.51987744522537,-0.277948139779791,-0.886310682063554,-0.513379958264685,-0.271504927844417
-0.113475572155653,0.0427589701482193,-0.384133160699032,0.215141336108184,-0.317851404714266
-0.115264704973114,-0.26475593242105,-0.876535134174697,-0.49984426121812,-0.326737640449982
-0.805422689308508,1.35197182457774,1.40900182826536,1.05002312994028,-0.331746564549261
1.01367810284447,-0.0309354295799196,-0.208945636312959,-0.440154845175448,0.100337524133209
1.22837404093973,-0.320254184068167,-0.802143908041767,-0.512633990960785,1.05102671582755
0.843710485185724,-0.294779576754737,-1.00286849135962,-0.492180048757088,-0.342126285869749
0.926010594788908,-0.297963902668915,-0.957984167223128,-0.468609888300003,-0.347929526313891
1.25878929883656,-0.196975280819244,-0.721152453830687,-0.451801560500847,-0.339851547168458
1.1416010992929,1.41156420954309,1.89403539585714,1.03570537039769,-0.294402264214158
-0.50305924315768,-0.465823368716342,-0.787473653195795,-0.262434150886734,-0.332311541428581
-0.998201750389879,-0.50585489449459,0.0810664441973999,0.850897986721931,-0.32154789588283
0.204542786147953,-0.415329057791507,1.26992559376148,1.54356472358479,-0.289961258204989
-0.355455785717188,-0.242920554723824,0.71650478902383,0.954731822732465,-0.256163510652378
-1.07513446154068,-0.195155666011142,-0.530577801086792,-0.477874320945207,2.65766645424406
0.582944377040853,-0.11463771075262,-0.179083764066943,-0.426510862552511,0.925514914162365
0.812400660880165,-0.0204726444333322,-0.000216196546539998,-0.369516554188444,0.556712761896179
-0.0535396227707256,0.00909609619832813,1.40927914877284,1.69203628052222,0.0243462509805592
-1.55372749021137,-0.337085621043112,-0.587969280110874,-0.459381550846923,2.47245104185452
-0.100057076024699,0.245646021251613,0.672591086663534,-0.263468879727627,0.976017856176422
-0.537500049893796,-0.569086509076141,-0.37781995934613,-0.511683484234849,1.84691776482626
-1.61589985561812,-0.524505946277637,-1.01575002893232,-0.52207889956661,-0.340375793730123
-0.645295302145792,-0.590921886773367,-0.553345814751335,-0.513813100570175,-0.345507196555518
-1.19813734274109,-0.43034087995835,-0.823788773650994,-0.469873220024349,-0.324741946400175
-0.867595054715261,-0.415329057791507,0.530159274019086,0.238603210988896,1.42532743052342
-0.185935451262804,-0.165132021677456,0.257719607465533,-0.350157499479179,1.97046138931393
-0.0504086403401706,0.00773138509225224,0.386867767801435,-0.0602890432606634,0.632189434117717
-0.212325160320347,-0.33117187291678,-0.0891112852209512,-0.464687544089177,-0.239868245839236
-0.491877163048552,-0.577274775712601,-0.198433802476729,-0.198317057943497,-0.299349363265518
-0.527659819397762,-0.627314182935411,-0.627972763315628,-0.0733194076174895,-0.326799246454329
-0.81168465416962,-0.232002865875211,-0.051964203243296,-0.453425844146435,-0.220307435904079
-0.177884353584231,-0.275673621269664,0.374485407142216,0.150530942205916,-0.293701050982448
0.275213532437644,-0.512223546322948,-0.442930654696065,-0.179812256114504,-0.326623822733283
-0.129577767512798,-0.171955577207839,0.427952800985381,-0.315181258310857,-0.290333519173768
-0.672579577612065,0.607749368063948,1.23428990854962,0.00362351026053686,1.67116851669012
0.0323387524673793,-0.63868677548605,-0.848179112284326,-0.517073699592058,0.40595159982744
-0.308491049258849,-0.590466983071342,-1.0768021386552,-0.584150598289477,-0.224216584825101
0.103009498757069,1.59261588294926,1.95546188826513,1.4629521278408,-0.339844647961468
0.0216039555626158,-0.474011635352802,0.568484968153554,0.478515921307558,-0.29001875210193
0.347226128340431,0.338446376464824,1.29322051639025,1.76037651094398,-0.325328753722353
0.356619075632097,-0.361195517250466,1.13944629498965,1.53333775248294,-0.302987092431839
0.739493498568649,-0.720114538148623,-0.103310095204198,-0.475287498842975,-0.295266729388035
0.697896160562692,1.61081203103028,2.39584685415178,2.53726536276324,-0.337416872457587
0.624094431842446,-0.887974004196049,-0.958067363375374,-0.588084974231012,-0.332755412307373
0.185756891564619,0.479466524092744,1.88044669099036,2.17306487423035,-0.314242912032154
0.578471544997202,2.18853973260272,2.60383723476575,2.72255401566732,-0.338670511091173
0.29578855983844,-0.889793619004151,-0.719460798735026,-0.585113136746122,-0.321282578385352
1.58485875481874,3.33398725430305,2.9866781953492,3.11984176364737,-0.273089151074939
0.844605051594454,-0.877056315347436,-0.0956005850961071,-0.588806878073496,-0.323353247810668
0.653167840126178,3.50457614256263,3.07306353343087,3.26253808984493,-0.283369208037217
1.15680872824131,-0.988962626045721,-0.697552478643688,-0.648785055653161,-0.29659179523547
1.22121750966989,-1.10496307006224,-0.935576670218317,-0.682016695868816,-0.329893855142147
1.38894871130682,-0.721024345552673,0.577248296190089,0.228857509115369,-0.340777381030917
0.567736748092439,-0.925276107762144,-0.540838659863748,-0.591622303059181,-0.344965132168374
-0.135392449169544,-0.873417085731232,-0.0908168063419858,-0.596783915532938,-0.344763479744216
0.31054890558249,-1.18684573642683,-0.805901600918193,-0.731358823502558,-0.342901358403169
0.62454171504681,-0.965762537242418,-0.521093439730795,-0.667229698828613,-0.310331097144935
0.843710485185724,-0.523141235171561,0.181816984566808,-0.410376311673006,-0.278573956729086
0.668822752278957,1.30830106918329,1.90055242778304,1.00670889939127,-0.2971482370122
1.02933301499725,-0.448537028039371,1.34091964367772,2.06489961516491,-0.315799535448699
0.251060239401928,-0.751502893588385,0.236213402110048,0.68486010295074,-0.327514020621676
0.41610774181266,1.24643416570782,2.54268806286525,2.7647853904526,-0.303248557873145
-0.172069671927485,-0.423517324427966,0.0403835257493072,-0.46151116718225,-0.280122594776158
-0.462356471560454,-1.02626472961182,-0.461095147936351,-0.607107140480451,-0.341537156016418
0.132977473449532,-0.915723130019608,-0.274824509468629,-0.521910455336697,-0.348930716115908
0.855339848499217,-0.885244581983896,-0.647634787296335,-0.55576774554917,-0.336265214375717
0.650484140899987,-1.02762944071789,-0.965984863864079,-0.584872502131961,-0.290815794705523
0.98549926096947,2.87589922636332,3.12561576959933,3.20346229206837,-0.340024537350151
1.03291128063217,-0.569996316480192,0.284522634513986,-0.412253261663463,-0.278515622018781
1.64926753624732,-0.453540968761652,0.384579873614681,-0.298481216088073,-0.332779519269272
0.299814108677726,3.77251442305567,3.28327247810472,3.33292371448707,-0.306414999165272
0.845946901207549,-0.89707207823656,-1.04540945720787,-0.5501368955778,0.875356672811599
-0.792004193177554,4.2483436953744,3.28590702292584,3.37407223350862,-0.323043248904054
1.31112143374728,-0.773793174987637,-0.605163151574962,-0.515690050560632,-0.334310178463416
0.76498864121746,4.37571673194155,3.25859095293853,3.35036972401375,-0.320295842830912
0.553423685552755,1.33013644688052,2.13655217965303,2.3492094117963,-0.349056647274733
1.20332618149529,-0.826562004422601,-1.02779960498255,-0.544385728299348,-0.350088459317449
1.33840570921356,-0.95529975209583,-1.06252013251971,-0.555815872472003,-0.343525028020304
1.24089797066196,-0.822922774806396,-0.639190377843408,-0.515593796714967,-0.338544757984076
0.34812069474916,-0.883424967175794,-0.889638528153378,-0.521910455336697,-0.337919212380446
-0.126446785082242,-0.33117187291678,0.673395316135241,0.286609816514044,2.05569627014982
0.401794679272976,-0.396678006008459,0.10831318405783,-0.35919332924093,-0.331131271158281
1.33393287716991,-0.437164435488733,0.130623618885022,-0.366147669590188,-0.338232367109065
0.968949782407959,-0.826562004422601,-0.902630993929063,-0.54517982252608,-0.34316026401576
1.15546687862822,-0.348458213593751,-0.0258406114381812,-0.401232196334883,-0.340685732682358
0.434446353191631,-0.303877650795247,-0.240619798075392,-0.497449946807217,0.453655126660246
-0.716413331639847,-0.207438065965832,-0.349548520210541,-0.433007997134862,-0.209667449202948
0.0189202563364249,-0.473101827948751,-0.450168719941431,-0.499916451602368,0.285075149158132
-1.5340470292193,-0.267030450931178,-0.328462455423897,-0.474746070961113,-0.294753952276637
-1.85832735238402,-0.404411368942893,-0.464478458127672,-0.422781026033013,-0.285019443417765
-1.47947847828676,-0.491297976029773,-0.401716667476137,-0.437652245188172,-0.314350545493944
-1.9240779834257,-0.539972672146506,-0.542280726502671,-0.479414382475839,-0.32935732541251
-1.0992877545764,-0.676898686456196,-0.53183960939585,-0.433573488478141,-0.293044144821468
-2.6603061378107,-0.422152613321889,0.15545767033033,-0.112181897804515,-0.323614571975351
0.132082907040803,-0.540882479550557,-0.567295036277845,-0.496800233348982,-0.312504906281535
-0.677946976064446,-0.645055427314407,-0.644445601460254,-0.542665190808096,-0.286647196373563
-2.1548761168781,-0.56817670167209,-0.427886017164987,-0.487656118010858,-0.33313546507217
0.828950139441674,-0.586372849753112,-0.662762620979658,-0.495994107391542,-0.33171925020479
0.376746819828529,-0.449901739145448,-0.248938026697414,-0.403951367474904,-0.340077250379933
0.700579859788882,-0.0327550443880216,0.296059167625375,-0.282418855592817,-0.336915172932945
-1.07826544397124,-0.0932572367574197,0.585651107566894,-0.256755173992531,-0.221764075651325
-0.6041452473442,-0.0909827182472916,0.0857254287231528,-0.332639299568248,-0.323975117693241
-1.83238492653084,-0.482654805691287,-0.360430576924264,-0.475612355572093,-0.329402544300709
-0.284785039427497,-0.295689384158788,-0.0768398527647269,-0.384159170460149,-0.322632982972743
-1.52823234756256,-0.493117590837875,-0.394273385055232,-0.449948673971807,-0.276460371613357
-0.190855566510821,-0.55089036099512,-0.087946539089513,-0.299612198774631,-0.290468127593546
-1.4852931599435,-0.669165323521762,0.0716098148921514,-0.278328067152077,-0.0506014244935531
-1.78989302211616,-0.735126360315466,-0.650019743660708,-0.609982724119677,-0.298076143346391
-0.657819231868015,-0.513588257429024,-0.58324096545825,-0.487547832434486,-0.332537635869574
1.4623031568227,-0.535878538828276,-0.494429072936084,-0.520647123612351,-0.345707891096091
-1.53046876358438,-0.132833858833642,0.478203276941716,-0.24901877114725,-0.318845018933858
-1.41641154647127,-0.637776968081998,-0.359017628938627,-0.528551970687545,-0.280880009857368
-0.062485286858028,-0.45172135395355,-0.0369195657122188,-0.448372517249051,-0.321692026552558
-0.0902168455286665,-0.426246746640119,0.0268364189586505,-0.418245063556076,-0.31382874567939
-0.874751585985104,-0.438074242892784,-0.019226517334657,-0.40446873189535,-0.348617396301359
-0.181462619219153,-0.292505058244609,0.14999445633287,-0.165867480223866,-0.29108525242316
-0.656477382254919,-0.634137738465795,-0.255405140931971,-0.411206501091862,-0.276466214503406
-0.356350352125918,-0.815189411871962,-0.546260275785086,-0.582694758873803,-0.297772059025191
-1.44459038834628,-0.719659634446597,0.0775028756762139,-0.343203159129922,-0.236947319585525
-1.74203371924909,0.166037873397142,0.921583304309206,0.0134895294411439,-0.349895419625659
-1.59085199617368,-0.316160050749938,0.42079793189226,-0.355740222527718,-0.327109412150886
0.183073192338428,-0.467188079822419,-0.232746668867885,-0.491145319916195,-0.330531748904415
-0.838521646431527,-0.428066361448221,0.0428516782659263,-0.451344354733941,-0.339384359831835
